
-1 -0.00435101
-5 0.0134033
-5 0.0141211
0 0.0184247
10 0.0249784
0 0.0466621
-7 0.060378
-5 0.0356868
-10 0.100329
10 0.100819
-10 0.103335
-12 0.162197
12 0.178388
-10 0.128289
10 0.111672
-7 0.0603768
5 0.0295902


-0.5 -0.00428477
-0.5 -6.52445e-07
-2.5 0.00146667
-0.5 -0.0029925



0.02 -5.87518e-05

-5 0.00691037
10 0.00512414
5 0.0142119
-5 0.0176531
5 0.0214339

0 -0.00119376
-3 0.00187589
-6 0.0229309
-10 0.0570337
8 0.0606245
7.5 0.0342957
-7 0.0500017
10 0.100549
0 0.0524839
4 0.0166535

-2 0.00175421
4 0.0147635
4 0.0112329
4 0.00798954
6 0.00455936
-1 0.000295364
0.75 -0.00350159

0 -0.00341531
0 -0.00603171

-0.5 -0.000297598
-2 0.0016941
-2 0.00193188
-20 0.0172061
-6 0.0259964
-7 0.0398005
-10 0.0910927
7 0.0593387
-7 0.0519522
6 0.0417987
-6 0.049291
5 0.024906
-5 0.0320369
-6 0.0402008
-6 0.0623156
4 0.0309264
6 0.020096
-2 0.00294199
3 0.0107857
4 0.0151213
2 0.0015059
2 0.000942504
-4 0.0187137
-4 0.015515
0 0.0156492
-2 0.00110443

0 -0.00328012

0.5 -0.00187524
0.5 -0.00377043
3 0.00423439
-2 0.00140959

0.5 -0.00215764
3 0.00332354
-2 0.00199332
-2 0.000813918
2 0.0024479
0 0.000453462
3 0.00127839
2 0.001598

0.75 -0.000251905
0.75 -0.00171737

-0.5 -0.00411426
-3 0.00381126
-4 0.0120038
4 0.0144545
5 0.0291743
3 0.0116951
0 0.0169553
-6 0.0571385
-15 0.0305892
18 0.0487827

-3 0.0100563
3 0.00662498
-3 0.00977433
4 0.017535
-4 0.0290959
6 0.0361386
0 0.0281056
-4 0.0292393
-7 0.0934696
7 0.105371
-5 0.0652694
5 0.0699169
-5 0.0620724
10.5 0.0866424
5 0.0458904
-5 0.0525741
10 0.0394178
0 0.0562873
-7 0.0836426
10 0.132346
14 0.110071

-2 0.00295536
2.5 0.00638485
2 0.00361147
-2.5 0.00720697
3 0.00914176
-2 0.00555644
-2 0.00311382

0 0.00527303
-4 0.021475
-3 0.00964824
-3.5 0.0183318
-3 0.0119168
-3 0.0133471
2 0.0046488
0 0.000365838
-2 0.00013171
-2 0.00066951
8 0.0179205
2.5 0.0069825
-0.5 0.000134848
1 0.000796457
-3 0.0102626
-6 0.00929433
4 0.025295

-1 0.000356812
0 0.00360042
-1 0.000682266
1 0.000223034
2 0.00335192
-1 0.000146161
2 0.00450846
-1 0.00184432
0 0.00121779
-1 7.59539e-05

-2 0.00277764
-1.5 0.00177825
1.5 0.00210446
-2 0.00650681
-4 0.0239127
-3 0.00963789
-4 0.00961751

3 0.000571607
1.5 0.000187297
1 0.000219028
1 0.000627134
3 0.0113582
-4 0.0214396
8 0.0204547
-4 0.025368
-4 0.0236976
0 0.0177497
0 0.0217639

-3 0.0103675
2 0.00251795
-3 0.00764012
-4 0.0200686
-6 0.0698996
-5 0.0494545
-7 0.0533801
4.5 0.0160959
-5 0.0114483
4 0.0100033
-4 0.0167548
-2 0.0145519
1.5 0.0108222
4 0.0126596
-4 0.0265792
0 0.0110975
-2 0.0196554
-1 0.0103372

30 0.0771357
15 0.0847085
15 0.0611073
-40 0.115664
0 0.109553
40 0.12773
20 0.178875
50 0.512805

5 0.00418323
-7 0.00127205
-20 0.000785728
10 0.0109474
15 0.0518756
15 0.0444029
-15 0.0637133
-10 0.0300103
20 0.0125339
15 0.0736702
50 0.173267
-25 0.191543
25 0.210678
50 0.737026
0 0.798521
100 0.77582
50 0.739458
-100 0.863005
0 1.6867
0 1.00424
35 0.561481

5 0.0130691
7 0.0310275
10 0.0590793
-5 0.0158318
0 0.00928769

7 0.00746678
-10 0.0280073
15 0.085577
-15 0.0717568
-10 0.0363786
10 0.0375872
10 0.0451487
0 0.0279853
10 0.0186262
10 0.0297691
10 0.0160309
30 0.0268643
10 0.0485344
10 0.0217304
-5 0.00543311

0.5 -0.00223734
-5 0.0101565
0 0.0254691
0 0.0253742
-5 0.00605869
-10 0.0178589
-10 0.00866829

-20 0.0145637
15 0.0513458
30 0.0483865
15 0.0408967
30 0.0529613
-10 0.0277921
7.5 0.0198283
12 0.036016
-10 0.028553
-7 0.0158479
-7 0.0196781
0 0.0304163
20 0.0190537
15 0.0793864
-20 0.138286
-20 0.139688
50 0.126784
-30 0.199062
-25 0.131626
20 0.0650965
-20 0.0521799
-20 0.0777913
30 0.0355394
