40 1001.63
81 1001.63
120 1001.63
159 1001.63
199 1001.99
239 1002.46
280 1002.6
321 1002.6
361 1002.61
404 1002.61
445 1004.05
487 1004.05
527 1004.05
567 1004.05
609 1004.05
652 1004.06
692 1004.08
733 1004.08
774 1004.34
815 1004.35
856 1006.05
898 1006.09
939 1006.31
979 1006.31
1020 1006.42
1062 1006.42
1103 1006.42
1144 1006.42
1185 1006.42
1225 1007.89
1268 1007.89
1309 1007.89
1348 1007.9
1389 1007.9
1429 1007.92
1469 1007.92
1510 1007.94
1551 1007.98
1592 1007.98
1635 1007.98
1675 1007.98
1717 1007.98
1757 1008.04
1798 1008.04
1838 1008.04
1878 1008.04
1919 1008.04
1960 1008.04
1999 1008.06
2039 1008.06
2080 1008.06
2121 1008.06
2160 1008.06
2200 1008.06
2239 1008.07
2280 1008.07
2320 1008.07
2361 1008.07
2401 1008.08
2442 1008.96
2482 1010.27
2522 1010.27
2564 1010.27
2604 1010.27
2644 1010.27
2686 1010.27
2726 1010.29
2767 1010.33
2806 1010.33
2847 1010.33
2888 1011.08
2929 1011.72
2969 1011.72
3009 1011.72
3049 1011.72
3088 1012.02
3128 1012.02
3166 1012.02
3207 1015.03
3247 1015.36
3287 1017.04
3327 1020.82
3367 1020.86
3407 1020.96
3448 1020.96
3489 1020.96
3530 1020.96
3572 1021.53
3612 1021.81
3650 1022.46
3689 1022.49
3730 1022.51
3770 1022.51
3809 1022.51
3850 1022.51
3892 1022.51
3932 1026.55
3974 1026.55
4012 1026.55
4053 1026.55
4093 1026.56
4134 1026.56
4173 1026.56
4215 1026.57
4255 1026.68
4294 1026.72
4333 1026.73
4371 1026.88
4412 1026.88
4452 1026.89
4492 1026.89
4532 1027.37
4570 1028.79
4611 1030.54
4652 1030.54
4693 1030.62
4732 1030.74
4771 1030.95
4810 1030.98
4852 1030.98
4892 1031.43
4933 1031.54
4972 1031.54
5013 1032.19
5054 1032.19
5094 1032.2
5134 1032.41
5176 1032.41
5217 1032.56
5258 1032.57
5299 1032.57
5339 1033.04
5381 1033.66
5419 1033.66
5461 1034.48
5503 1034.48
5547 1034.48
5588 1034.48
5628 1034.48
5669 1040.14
5709 1040.14
5749 1040.14
5790 1040.14
5832 1040.14
5873 1040.14
5913 1040.16
5953 1040.16
5995 1040.16
6036 1041.25
6076 1041.25
6117 1043.35
6157 1043.38
6199 1043.65
6239 1043.78
6280 1043.78
6321 1043.78
6360 1043.78
6399 1043.96
6439 1043.96
6480 1043.96
6521 1048.27
6561 1048.27
6601 1048.91
6641 1048.91
6682 1048.91
6722 1051.13
6763 1051.15
6803 1051.2
6843 1051.21
6884 1051.26
6924 1051.26
6964 1051.9
7002 1051.95
7041 1051.95
7081 1051.95
7120 1052.22
7161 1052.22
7202 1052.44
7241 1053
7279 1060.34
7319 1060.34
7360 1060.34
7401 1060.34
7442 1060.34
7482 1060.77
7523 1061.19
7562 1061.19
7604 1061.19
7646 1061.19
7686 1061.19
7728 1061.23
7769 1061.23
7811 1061.23
7851 1061.23
7891 1061.6
7931 1061.6
7972 1061.6
8013 1061.61
8052 1061.61
8094 1061.61
8138 1061.62
8179 1061.7
8219 1061.87
8258 1062.25
8299 1062.48
8338 1062.5
8380 1062.5
8420 1062.71
8461 1062.71
8501 1062.71
8541 1062.71
8582 1062.9
8623 1062.9
8663 1064.93
8705 1064.93
8748 1064.93
8787 1065.2
8829 1065.2
8868 1065.2
8909 1065.2
8949 1065.96
8988 1066.09
9027 1066.12
9068 1066.12
9109 1066.12
9148 1070.1
9189 1070.1
9230 1070.1
9270 1070.1
9310 1070.1
9350 1070.1
9388 1070.84
9429 1070.84
9469 1071.17
9510 1071.24
9551 1071.24
9592 1071.24
9633 1071.24
9676 1071.24
9717 1071.24
9757 1071.24
9797 1071.28
9839 1072
9880 1072.99
9921 1073.01
9963 1073.01
